,date-time,EC2-Instances($),S3($),Relational Database Service($),EC2-Other($),Glue($),DocumentDB (with MongoDB compatibility)($),Elastic MapReduce($),CloudWatch($),VPC($),OpenSearch Service($),Redshift($),Managed Streaming for Apache Kafka($),SageMaker($),ElastiCache($),DMS($),Elastic Load Balancing($),QuickSight($),Elastic File System($),SNS($),Lambda($),Elastic Container Service for Kubernetes($),Rekognition($),Hardened Red Hat Enterprise 7 (RHEL 7)($),Step Functions($),Glacier($),DynamoDB($),Backup($),AppFlow($),Route 53($),SQS($),EC2 Container Registry (ECR)($),Key Management Service($),API Gateway($),CloudFront($),Athena($),Secrets Manager($),CloudWatch Events($),Cognito($),X-Ray($),Cost Explorer($),Service Catalog($),Systems Manager($),SES($),Simple Workflow Service($),Direct Connect($),CloudTrail($),CodeArtifact($),Elastic Container Service($),Migration Hub Refactor Spaces($),Location Service($)
date-time,0.0,1.607991782953623e-08,0.00031394018356623683,0.01258446283000693,1.163473558122682e-89,4.837682518811435e-50,2.056109081332769e-50,,2.0291964149617467e-24,2.057977914232748e-16,0.12561312381373507,,1.2420892776142575e-119,5.851945153382214e-38,6.981236245251831e-09,,7.530583054090092e-65,,3.626269421197649e-36,2.3738502933853372e-45,0.0025160978714422674,1.818600967649738e-13,7.503613470624774e-26,1.2034481841938477e-159,4.484631038825614e-05,2.908768802985394e-25,1.511383503922754e-37,5.4216198533409e-35,0.08404715479482884,0.170749850687303,1.5845410750087412e-52,0.08737828337979045,1.1895967832936712e-07,,1.1178992261386105e-14,0.7173452555246436,1.882115347895595e-71,,,,3.060125226318822e-08,0.9673766071101054,0.56731628169444,9.969002304890846e-30,6.264502566315664e-20,0.8230918211246359,0.653876481449381,3.0581032786607216e-08,,,
EC2-Instances($),1.607991782953623e-08,0.0,4.568476708725454e-37,0.28097786488590454,2.3440516203084744e-18,2.685854372355356e-13,1.7601863624504408e-24,,4.56851501136607e-23,8.718453438791177e-06,0.00608150724615674,,1.0326977812477748e-08,6.866198818804593e-12,2.1783782143717195e-07,,0.20446809218027506,,0.00040440465888486586,0.028564461186509064,2.4891215261963433e-09,0.5896711801122676,2.17184880188403e-08,0.0028814829198351363,0.04548773398478132,7.356491022312002e-11,0.005321662606576288,3.917674249542487e-05,0.13753765682479713,0.48850391129116116,0.99368817569484,0.010898513711624225,2.7720592306318056e-42,,0.043312508758132466,0.5048140309468215,0.01279552414340698,,,,1.9522475781818234e-13,0.5072473198721408,0.7226393704463187,1.1530235202366013e-09,1.4120542691123496e-15,0.5914139373788186,0.009910641034827293,8.125309378593052e-99,,,
S3($),0.00031394018356623683,4.568476708725454e-37,0.0,0.5500901683618692,0.017224940013874084,0.00016301395584246287,1.1193268308355312e-12,,0.24798413464167185,8.857771205506415e-39,4.364851679504779e-08,,0.3003587834633638,0.08549923232813611,3.748937949946024e-24,,0.009523721929915787,,0.2769195519331815,0.0004064536490700466,0.7037101721709274,0.26868115072848825,7.173433597965435e-05,0.1313043392226145,0.044771863919682436,0.00011603307845003826,0.39576545322708073,0.14758886340555522,0.7731059669280048,0.49373509487684303,0.7616432566864122,0.07625585396159451,5.349379074567134e-206,,0.0005797240223061396,0.703750883373632,0.18064376495440654,,,,0.3095138702835514,0.03129011183068938,0.47724915543385715,1.839989335292832e-05,6.02375928652006e-15,0.7464438921855402,2.5507494858019025e-05,2.5831721862614534e-37,,,
Relational Database Service($),0.01258446283000693,0.28097786488590454,0.5500901683618692,0.0,0.0010769448798322904,0.0017557493531064421,0.34295573202757706,,0.05873049323634263,0.028399414709514795,0.3243061641157,,0.002622344063480199,0.0008575069740135665,0.0002458119134333908,,0.07743248667348344,,0.3407296838692756,0.2591692668584792,0.1785946923821232,0.19272421157990918,0.1286525824678559,0.03310684472856711,0.4513447723721706,0.504075309168664,0.2552309063643043,0.4547535169079508,0.9652619657637412,0.8722742652079001,0.24827533748018968,0.6205733789417217,0.8331166548680259,,0.5684123760273737,0.9747001820544414,0.046474025253269755,,,,0.060169037777193485,0.0009458850614644719,0.9300303640792825,0.25490137015875225,0.46939012210745473,0.924897127067492,0.30219486693870246,0.9501586352190999,,,
EC2-Other($),1.163473558122682e-89,2.3440516203084744e-18,0.017224940013874084,0.0010769448798322904,0.0,8.878451516146958e-52,1.3949176711217724e-31,,6.343181917922962e-37,1.4598461907343157e-22,0.00751047784015329,,3.500271503584996e-81,1.4136609626138548e-41,1.7412777217982378e-16,,3.222282304675691e-65,,1.391700914664829e-13,1.6988838516452145e-17,0.019899017899662863,4.4182879124925165e-06,6.2887994207509175e-21,7.850443579919198e-69,8.072695073381504e-07,8.865056635229652e-12,3.0719009365277423e-16,1.8637534514137873e-13,0.30644612421388295,0.24138097537748623,1.7310635245043124e-25,0.00024055536493895228,4.995057849334654e-06,,1.5109601286334972e-17,0.9071242084575408,1.6545152494345743e-36,,,,1.6753682662656692e-18,0.013558830642538117,0.4411635055514604,4.4534259182603885e-17,2.444608435196562e-10,0.5043241014000311,2.433685864282845e-05,1.0104064083499643e-09,,,
Glue($),4.837682518811435e-50,2.685854372355356e-13,0.00016301395584246287,0.0017557493531064421,8.878451516146958e-52,0.0,3.7459231220556815e-73,,3.7731055463847183e-34,1.2987962019591369e-07,0.14406245191220535,,1.1664479382215543e-37,3.847413372841781e-47,5.6369507452918526e-11,,2.4394892982634883e-13,,7.81305066573139e-06,3.159562396442473e-11,6.276001315762547e-10,0.0005419069406884798,3.025232718402635e-12,3.733556555181188e-22,0.00025090324640708866,2.2756386290265543e-25,2.2253567869741117e-06,2.349392764083694e-05,0.6135438159599619,0.3100025104213203,9.484046241275982e-06,0.005016314540427454,3.785019118184464e-08,,0.18879903664935926,0.5966655520596507,7.307729198802253e-17,,,,2.63414235903902e-15,0.001850141573709621,0.5829320005165644,8.338228313302342e-19,2.5674975452849656e-17,0.5517655274932112,0.0010540649286647134,2.0542296765808695e-05,,,
DocumentDB (with MongoDB compatibility)($),2.056109081332769e-50,1.7601863624504408e-24,1.1193268308355312e-12,0.34295573202757706,1.3949176711217724e-31,3.7459231220556815e-73,0.0,,4.020090953977901e-40,0.006162969993484163,0.04215961571079175,,1.080317362877563e-31,4.421441914561178e-35,0.3799048031943606,,8.809088376226319e-10,,0.007817447335455354,2.922293355126658e-14,5.752099425147795e-07,0.008567419101613285,3.3311187131974874e-12,1.0405706546774692e-20,0.1513121093050742,3.661181259154535e-53,0.010218540543268045,0.018226213108722505,0.81055033577247,0.41777368452455177,0.006969131192584828,0.00884489808204538,1.8755612213283872e-17,,0.3439598526855134,0.5192539484775059,3.443097339113542e-14,,,,2.2848830882380792e-14,0.9318145352572288,0.6067897847667961,9.305318464539795e-23,8.481774351317564e-42,0.6049145244309734,0.007770975168731843,1.553414180142601e-11,,,
Elastic MapReduce($),,,,,,,,,,,,,,,,,,,,,,,,,,,,,,,,,,,,,,,,,,,,,,,,,,,
CloudWatch($),2.0291964149617467e-24,4.56851501136607e-23,0.24798413464167185,0.05873049323634263,6.343181917922962e-37,3.7731055463847183e-34,4.020090953977901e-40,,0.0,3.2276379544319155e-22,0.0357006275325161,,4.02209333333917e-31,2.747202379291789e-23,2.6577619208223548e-06,,4.377969870810387e-22,,0.08614457706844952,0.4469568143182355,5.299954433421923e-14,0.32187467279545,1.8861058324902464e-18,2.360502498374473e-15,0.000710649706536552,7.10458391735661e-19,0.3905880651081309,0.09598656152943057,0.35071949464193747,0.04152363926624655,0.1349452806379576,5.978106210610849e-11,0.000680326293090177,,0.0005488148407647586,0.9478962637896585,1.3481061109775385e-10,,,,4.4773383862824006e-32,0.0002769864335709634,0.09043834358019898,7.741371180771195e-13,5.827996209178692e-14,8.998225636007876e-07,3.1056167954919127e-10,2.41655703997274e-07,,,
VPC($),2.057977914232748e-16,8.718453438791177e-06,8.857771205506415e-39,0.028399414709514795,1.4598461907343157e-22,1.2987962019591369e-07,0.006162969993484163,,3.2276379544319155e-22,0.0,4.1180707098152914e-14,,4.8398319731636504e-32,2.0279335487001518e-09,6.813912863026113e-49,,4.2157736002875613e-45,,4.530448956955186e-06,0.16848465278059432,0.46521947888076254,0.00021781988898271132,0.0020038748771966522,1.3029495675145196e-22,1.5265875069537322e-07,0.05251545281737642,2.3577972572829707e-08,8.389817891441987e-06,0.7593165202430283,0.24878599411940097,7.539547498739171e-09,0.00036010580805737226,3.869980040458371e-30,,1.0587488847143272e-19,0.640314738770019,4.645474307222509e-15,,,,4.004531656345234e-08,0.0034266573465687473,0.23106865871995044,0.11711765627802725,0.05397913110407286,0.08646215632490954,3.599661885789103e-11,1.0366575842495795e-10,,,
OpenSearch Service($),0.12561312381373507,0.00608150724615674,4.364851679504779e-08,0.3243061641157,0.00751047784015329,0.14406245191220535,0.04215961571079175,,0.0357006275325161,4.1180707098152914e-14,0.0,,0.00032158047462844675,0.46577007856837,1.322329984360038e-10,,9.134496148190349e-08,,0.9272301650273127,0.07898558957544204,0.2760342103484766,0.3755841776959997,0.06594400457845317,0.0013055931207326297,0.1263422640820612,0.0001914464114205412,0.5502616836314478,0.72520807079679,0.8649996186786525,0.7208182883975734,0.0011178406416235858,0.11608831754875278,4.3026809656913025e-09,,5.124979396352133e-10,0.5650493525956001,0.012563891171048905,,,,0.0007903769463842467,3.2021678539200806e-11,0.7936679019617856,0.8599340616438673,0.0012061516584604998,0.7168934674812644,0.015616647574193976,0.0001460810639184519,,,
Redshift($),,,,,,,,,,,,,,,,,,,,,,,,,,,,,,,,,,,,,,,,,,,,,,,,,,,
Managed Streaming for Apache Kafka($),1.2420892776142575e-119,1.0326977812477748e-08,0.3003587834633638,0.002622344063480199,3.500271503584996e-81,1.1664479382215543e-37,1.080317362877563e-31,,4.02209333333917e-31,4.8398319731636504e-32,0.00032158047462844675,,0.0,1.3002174785392612e-32,3.0014000942502754e-13,,3.404715637867408e-85,,3.948993231502517e-20,1.3839103832880852e-23,0.36766664216750244,4.813821368807912e-27,1.1728719670923771e-21,2.333077822785915e-106,4.522675842072356e-09,2.6412923310283346e-14,1.4396563044835486e-25,6.301699083404799e-15,0.568948986380493,0.195245273262131,8.700676947323866e-44,0.000751203517972116,0.0038153543166626366,,4.9650208251497874e-29,0.39032643185465,5.757806614255934e-66,,,,4.848319650416872e-26,0.50392521529573,0.5065475057167824,1.253780161235011e-19,1.7210690352519984e-10,0.5039960474122137,3.128756522546016e-05,0.00027061450306586535,,,
SageMaker($),5.851945153382214e-38,6.866198818804593e-12,0.08549923232813611,0.0008575069740135665,1.4136609626138548e-41,3.847413372841781e-47,4.421441914561178e-35,,2.747202379291789e-23,2.0279335487001518e-09,0.46577007856837,,1.3002174785392612e-32,0.0,3.733392014653905e-08,,2.475797236506903e-19,,0.00014390398463479275,1.0434349414328731e-09,2.6261489996809125e-10,0.008858139692765625,2.5179655431343546e-06,2.7988502819235255e-21,0.00575342328967613,3.756332737119105e-16,0.0006620495084398847,0.00022507947745131784,0.6168583576893949,0.4075248335260348,7.127619949360234e-06,0.012605448757142264,0.00019032110422094575,,0.003873987496306937,0.4567118780745013,4.0052874553683205e-15,,,,4.010212349250735e-14,0.006595229517019426,0.6190697958554209,1.903614298408991e-09,1.0306287497269043e-10,0.6206899414291459,0.0011032505490659373,0.003973347261485403,,,
ElastiCache($),6.981236245251831e-09,2.1783782143717195e-07,3.748937949946024e-24,0.0002458119134333908,1.7412777217982378e-16,5.6369507452918526e-11,0.3799048031943606,,2.6577619208223548e-06,6.813912863026113e-49,1.322329984360038e-10,,3.0014000942502754e-13,3.733392014653905e-08,0.0,,9.921979976218461e-20,,0.009544731098068134,0.2981838220848023,0.007382261708309129,0.1554319368955784,0.002929710279535113,1.2604192920090347e-13,0.025572846308361305,0.0026577072634899127,0.00025318757940757534,0.008808579574193065,0.6927079015712196,0.4937865684654833,2.802787023445819e-09,0.04064401734001487,9.107818434920334e-24,,3.943604950143923e-07,0.9938998506102059,1.514202122540977e-08,,,,4.864457270112422e-05,0.0005286311271898266,0.6803832834624304,0.012887179375849312,1.0226552745142356e-07,0.6789053875098149,0.014804134286993951,1.3542455883596021e-17,,,
DMS($),,,,,,,,,,,,,,,,,,,,,,,,,,,,,,,,,,,,,,,,,,,,,,,,,,,
Elastic Load Balancing($),7.530583054090092e-65,0.20446809218027506,0.009523721929915787,0.07743248667348344,3.222282304675691e-65,2.4394892982634883e-13,8.809088376226319e-10,,4.377969870810387e-22,4.2157736002875613e-45,9.134496148190349e-08,,3.404715637867408e-85,2.475797236506903e-19,9.921979976218461e-20,,0.0,,1.136954184429705e-13,1.2950793848310157e-19,0.025345254129005127,8.233346768475953e-06,1.487154017361199e-09,5.759976721152506e-99,3.344594545043424e-12,4.29678754081837e-05,3.1536526837742555e-15,2.1753971336431775e-13,0.44414612825225663,0.15454765092797937,5.96865167359083e-45,3.4954708963198864e-06,0.41095925719799786,,1.32216649022656e-69,0.7906872399688805,8.435070660507178e-40,,,,3.250293143951939e-18,0.437561362904474,0.4587251919413891,0.0004574123272608083,0.00044672847927547057,0.36513006132332043,0.0006776911824409245,0.47851542033311295,,,
QuickSight($),,,,,,,,,,,,,,,,,,,,,,,,,,,,,,,,,,,,,,,,,,,,,,,,,,,
Elastic File System($),3.626269421197649e-36,0.00040440465888486586,0.2769195519331815,0.3407296838692756,1.391700914664829e-13,7.81305066573139e-06,0.007817447335455354,,0.08614457706844952,4.530448956955186e-06,0.9272301650273127,,3.948993231502517e-20,0.00014390398463479275,0.009544731098068134,,1.136954184429705e-13,,0.0,6.196296709612176e-15,8.208045227623265e-23,4.468106207280123e-33,0.07662460499897682,3.404728451746889e-27,0.8866821869052777,0.010366891922296973,7.62632737971358e-118,4.9028830704705475e-247,0.008998880234846495,0.9151090590839447,1.6550918570892649e-18,0.07425309511736326,0.6739344236474522,,1.3626760429071346e-05,0.6212634632129925,8.248385287256758e-24,,,,1.117559854776862e-05,0.002947302732181048,0.7045973971659053,0.0036437348771501997,0.8370140948806001,0.7032194290660883,0.001632572007342339,0.22178744219911412,,,
SNS($),2.3738502933853372e-45,0.028564461186509064,0.0004064536490700466,0.2591692668584792,1.6988838516452145e-17,3.159562396442473e-11,2.922293355126658e-14,,0.4469568143182355,0.16848465278059432,0.07898558957544204,,1.3839103832880852e-23,1.0434349414328731e-09,0.2981838220848023,,1.2950793848310157e-19,,6.196296709612176e-15,0.0,2.024228608022071e-05,1.4071694239869955e-07,1.8943201420110115e-05,1.0163205595403321e-40,0.4652776739225837,2.010376702741765e-15,1.4436400845890524e-13,4.169001504742796e-14,0.410745446939604,0.021902719678178605,1.14060404608683e-78,0.9550156195736467,8.198701988538446e-05,,5.666859866318744e-08,0.8524229776500541,1.765714196045816e-24,,,,0.2673734847736669,0.016163710315572222,0.7982730447508923,7.821910438489717e-08,2.464179451318942e-11,3.9912880850046144e-08,0.00047679059626583303,0.0009855155651953642,,,
Lambda($),0.0025160978714422674,2.4891215261963433e-09,0.7037101721709274,0.1785946923821232,0.019899017899662863,6.276001315762547e-10,5.752099425147795e-07,,5.299954433421923e-14,0.46521947888076254,0.2760342103484766,,0.36766664216750244,2.6261489996809125e-10,0.007382261708309129,,0.025345254129005127,,8.208045227623265e-23,2.024228608022071e-05,0.0,1.5831635796614816e-12,0.31214463311879964,7.787612006985045e-08,0.07376934058313049,0.002420288651642123,7.681966283958071e-24,3.853017442267594e-21,0.3333634667731784,0.7873179352339182,2.7259752695557086e-12,0.10472813407491324,0.6556076229097808,,0.0005086374054410512,0.12486309575696425,3.3289474561161504e-06,,,,4.331119459852712e-34,1.9926206230028336e-08,0.947498649714491,0.31989429455977025,0.004838083630335295,0.21868170279360066,2.7654950112786163e-14,0.5654800142597983,,,
Elastic Container Service for Kubernetes($),1.818600967649738e-13,0.5896711801122676,0.26868115072848825,0.19272421157990918,4.4182879124925165e-06,0.0005419069406884798,0.008567419101613285,,0.32187467279545,0.00021781988898271132,0.3755841776959997,,4.813821368807912e-27,0.008858139692765625,0.1554319368955784,,8.233346768475953e-06,,4.468106207280123e-33,1.4071694239869955e-07,1.5831635796614816e-12,0.0,0.6752735265477587,6.608616501559948e-17,0.04882661481127766,0.07978424853896013,2.5962037739469262e-36,1.4609876607027638e-15,0.6338667730903964,0.8532949099009173,3.037261112340143e-09,0.21155717294011925,0.624635877230471,,0.0027849378383703978,0.7316133574118426,1.8514018068113572e-17,,,,0.006180778557883243,0.0011444683523631743,0.7923982148931283,0.16344900703665535,0.13479595119515433,0.7914052150201825,0.02927291345071657,0.3965351019608119,,,
Rekognition($),7.503613470624774e-26,2.17184880188403e-08,7.173433597965435e-05,0.1286525824678559,6.2887994207509175e-21,3.025232718402635e-12,3.3311187131974874e-12,,1.8861058324902464e-18,0.0020038748771966522,0.06594400457845317,,1.1728719670923771e-21,2.5179655431343546e-06,0.002929710279535113,,1.487154017361199e-09,,0.07662460499897682,1.8943201420110115e-05,0.31214463311879964,0.6752735265477587,0.0,4.764462828626342e-22,3.157892027608758e-07,4.09415287495677e-06,0.027179267647111538,0.030287775831043265,0.5786682306373337,0.3993653548622324,1.988361206998456e-15,1.5785163694744244e-06,1.563731873916293e-07,,0.05713920659065806,0.24815904538626246,7.57207705367048e-21,,,,2.2556596439454494e-09,0.10532114115303272,0.06806203919295481,2.73751098179981e-86,1.6578547835432723e-07,0.874605417245864,0.13021113329103973,1.3075073165030067e-05,,,
Hardened Red Hat Enterprise 7 (RHEL 7)($),1.2034481841938477e-159,0.0028814829198351363,0.1313043392226145,0.03310684472856711,7.850443579919198e-69,3.733556555181188e-22,1.0405706546774692e-20,,2.360502498374473e-15,1.3029495675145196e-22,0.0013055931207326297,,2.333077822785915e-106,2.7988502819235255e-21,1.2604192920090347e-13,,5.759976721152506e-99,,3.404728451746889e-27,1.0163205595403321e-40,7.787612006985045e-08,6.608616501559948e-17,4.764462828626342e-22,0.0,1.3917551876175202e-06,1.7510682980798095e-10,7.15500270988658e-33,5.004803516352925e-24,0.2302062810486314,0.26189061596290186,2.368533450226515e-72,0.07753786253473077,0.0074660070224305715,,5.936653627613035e-26,0.4547987176750529,1.4020609784077772e-74,,,,5.950403209815629e-05,0.7326894946156876,0.70776864763215,1.5492040045023306e-21,2.7361120864972977e-07,0.7333417623024328,0.2360484980088454,0.002074766947432345,,,
Step Functions($),4.484631038825614e-05,0.04548773398478132,0.044771863919682436,0.4513447723721706,8.072695073381504e-07,0.00025090324640708866,0.1513121093050742,,0.000710649706536552,1.5265875069537322e-07,0.1263422640820612,,4.522675842072356e-09,0.00575342328967613,0.025572846308361305,,3.344594545043424e-12,,0.8866821869052777,0.4652776739225837,0.07376934058313049,0.04882661481127766,3.157892027608758e-07,1.3917551876175202e-06,0.0,0.44665923200419233,0.2280863149321575,0.5748135896762149,0.4688146382450385,0.8743367780023685,7.177885287829194e-06,0.018558197231085833,0.3481136392280205,,3.828193704300579e-09,0.8626393102646838,1.2669392931963388e-05,,,,1.49921211959022e-08,0.008895199097599747,0.37549262521340915,0.00364096241738614,0.0005610861024466132,0.35587912297294433,0.006160007045986822,0.7086258504123812,,,
Glacier($),2.908768802985394e-25,7.356491022312002e-11,0.00011603307845003826,0.504075309168664,8.865056635229652e-12,2.2756386290265543e-25,3.661181259154535e-53,,7.10458391735661e-19,0.05251545281737642,0.0001914464114205412,,2.6412923310283346e-14,3.756332737119105e-16,0.0026577072634899127,,4.29678754081837e-05,,0.010366891922296973,2.010376702741765e-15,0.002420288651642123,0.07978424853896013,4.09415287495677e-06,1.7510682980798095e-10,0.44665923200419233,0.0,0.022957517482191214,0.012655567823204927,0.7326697620567293,0.5806010609396983,0.035717050376999036,0.09785581297974497,1.6447266974825973e-08,,0.8401414216009788,0.6793860293804176,1.348588098471802e-07,,,,1.650457236845339e-06,0.011278739753579016,0.7389749858289405,4.4332387190682465e-12,1.4032704624524972e-46,0.7472759428113951,0.1053177649259584,9.982443578367553e-08,,,
DynamoDB($),1.511383503922754e-37,0.005321662606576288,0.39576545322708073,0.2552309063643043,3.0719009365277423e-16,2.2253567869741117e-06,0.010218540543268045,,0.3905880651081309,2.3577972572829707e-08,0.5502616836314478,,1.4396563044835486e-25,0.0006620495084398847,0.00025318757940757534,,3.1536526837742555e-15,,7.62632737971358e-118,1.4436400845890524e-13,7.681966283958071e-24,2.5962037739469262e-36,0.027179267647111538,7.15500270988658e-33,0.2280863149321575,0.022957517482191214,0.0,3.0315693103225556e-101,0.032351249681915044,0.8824922407771241,4.0951294126899163e-26,0.11372089420730798,0.6968995447371917,,0.00015814845251808403,0.6602014433333794,1.2789719420996755e-27,,,,0.000137850547365641,0.003402789720209444,0.7358436797783747,0.00025247781916003383,0.5641860350814392,0.7345989663119384,0.004771052747981558,0.27702900917191464,,,
Backup($),5.4216198533409e-35,3.917674249542487e-05,0.14758886340555522,0.4547535169079508,1.8637534514137873e-13,2.349392764083694e-05,0.018226213108722505,,0.09598656152943057,8.389817891441987e-06,0.72520807079679,,6.301699083404799e-15,0.00022507947745131784,0.008808579574193065,,2.1753971336431775e-13,,4.9028830704705475e-247,4.169001504742796e-14,3.853017442267594e-21,1.4609876607027638e-15,0.030287775831043265,5.004803516352925e-24,0.5748135896762149,0.012655567823204927,3.0315693103225556e-101,0.0,0.0021816149713436723,0.9910271256365908,2.0177915205979195e-17,0.08371183109774197,0.5715829887403824,,2.2523306817001124e-05,0.6316605888564203,6.257657892298854e-21,,,,1.5269242061495525e-05,0.02455093773889542,0.7129729026286894,0.0029960678749559144,0.4626509001784978,0.7116301982264934,0.0022477152354794527,0.23583697092024747,,,
AppFlow($),0.08404715479482884,0.13753765682479713,0.7731059669280048,0.9652619657637412,0.30644612421388295,0.6135438159599619,0.81055033577247,,0.35071949464193747,0.7593165202430283,0.8649996186786525,,0.568948986380493,0.6168583576893949,0.6927079015712196,,0.44414612825225663,,0.008998880234846495,0.410745446939604,0.3333634667731784,0.6338667730903964,0.5786682306373337,0.2302062810486314,0.4688146382450385,0.7326697620567293,0.032351249681915044,0.0021816149713436723,0.0,0.9332407890197126,0.268271226235989,0.8159302347574774,0.8429204128813139,,0.6364615277581942,0.9478228402342623,0.8708614256032625,,,,0.5239350614044109,0.9254675194832942,0.9599471259690504,0.1651817555307289,0.516158794152519,0.9597512090112016,0.6783399097763806,0.871536861514739,,,
Route 53($),0.170749850687303,0.48850391129116116,0.49373509487684303,0.8722742652079001,0.24138097537748623,0.3100025104213203,0.41777368452455177,,0.04152363926624655,0.24878599411940097,0.7208182883975734,,0.195245273262131,0.4075248335260348,0.4937865684654833,,0.15454765092797937,,0.9151090590839447,0.021902719678178605,0.7873179352339182,0.8532949099009173,0.3993653548622324,0.26189061596290186,0.8743367780023685,0.5806010609396983,0.8824922407771241,0.9910271256365908,0.9332407890197126,0.0,0.09473864035487164,0.21238807320358252,0.643890829674062,,0.2245777355431417,0.9130775256791945,0.017057938628893286,,,,0.5222631724963345,0.441198595482295,0.9332407890197126,0.9092315729021624,0.3832781991014128,0.9329147299246845,0.49278079547471204,0.7873617969353768,,,
SQS($),1.5845410750087412e-52,0.99368817569484,0.7616432566864122,0.24827533748018968,1.7310635245043124e-25,9.484046241275982e-06,0.006969131192584828,,0.1349452806379576,7.539547498739171e-09,0.0011178406416235858,,8.700676947323866e-44,7.127619949360234e-06,2.802787023445819e-09,,5.96865167359083e-45,,1.6550918570892649e-18,1.14060404608683e-78,2.7259752695557086e-12,3.037261112340143e-09,1.988361206998456e-15,2.368533450226515e-72,7.177885287829194e-06,0.035717050376999036,4.0951294126899163e-26,2.0177915205979195e-17,0.268271226235989,0.09473864035487164,0.0,0.3066846116080264,0.7033888927927598,,3.537894064974446e-22,0.10607787620929376,3.852055117073189e-40,,,,0.002340285550427938,0.2779462695110867,0.9703724463687116,2.519329642659047e-11,0.029305565609075587,1.1749094694226919e-05,0.0012533624869866197,0.1587256543722318,,,
EC2 Container Registry (ECR)($),0.08737828337979045,0.010898513711624225,0.07625585396159451,0.6205733789417217,0.00024055536493895228,0.005016314540427454,0.00884489808204538,,5.978106210610849e-11,0.00036010580805737226,0.11608831754875278,,0.000751203517972116,0.012605448757142264,0.04064401734001487,,3.4954708963198864e-06,,0.07425309511736326,0.9550156195736467,0.10472813407491324,0.21155717294011925,1.5785163694744244e-06,0.07753786253473077,0.018558197231085833,0.09785581297974497,0.11372089420730798,0.08371183109774197,0.8159302347574774,0.21238807320358252,0.3066846116080264,0.0,0.6168900215064689,,0.20803879408204418,0.748169536722941,0.3175073865107434,,,,3.784567299694855e-06,0.15543813777418847,0.8072957903760114,0.028740606490746612,0.08628737927366127,0.8177693862588008,0.4871281901823016,0.4095464513355149,,,
Key Management Service($),1.1895967832936712e-07,2.7720592306318056e-42,5.349379074567134e-206,0.8331166548680259,4.995057849334654e-06,3.785019118184464e-08,1.8755612213283872e-17,,0.000680326293090177,3.869980040458371e-30,4.3026809656913025e-09,,0.0038153543166626366,0.00019032110422094575,9.107818434920334e-24,,0.41095925719799786,,0.6739344236474522,8.198701988538446e-05,0.6556076229097808,0.624635877230471,1.563731873916293e-07,0.0074660070224305715,0.3481136392280205,1.6447266974825973e-08,0.6968995447371917,0.5715829887403824,0.8429204128813139,0.643890829674062,0.7033888927927598,0.6168900215064689,0.0,,0.002754424849356678,0.6410930566736132,0.03550173684619706,,,,0.029024244028666844,0.031948367131706505,0.6536811296461869,7.570593213457029e-09,9.552397098881062e-23,0.8847033927730511,0.023442808548251554,1.1365600093215102e-36,,,
API Gateway($),,,,,,,,,,,,,,,,,,,,,,,,,,,,,,,,,,,,,,,,,,,,,,,,,,,
CloudFront($),1.1178992261386105e-14,0.043312508758132466,0.0005797240223061396,0.5684123760273737,1.5109601286334972e-17,0.18879903664935926,0.3439598526855134,,0.0005488148407647586,1.0587488847143272e-19,5.124979396352133e-10,,4.9650208251497874e-29,0.003873987496306937,3.943604950143923e-07,,1.32216649022656e-69,,1.3626760429071346e-05,5.666859866318744e-08,0.0005086374054410512,0.0027849378383703978,0.05713920659065806,5.936653627613035e-26,3.828193704300579e-09,0.8401414216009788,0.00015814845251808403,2.2523306817001124e-05,0.6364615277581942,0.2245777355431417,3.537894064974446e-22,0.20803879408204418,0.002754424849356678,,0.0,0.7912488256415124,8.856755859996202e-17,,,,2.148820549701095e-10,0.05247620507473903,0.6134978113082394,0.10656207653945961,0.48596632581093546,0.6167961040947039,0.0003873236300280415,0.06768087137853883,,,
Athena($),0.7173452555246436,0.5048140309468215,0.703750883373632,0.9747001820544414,0.9071242084575408,0.5966655520596507,0.5192539484775059,,0.9478962637896585,0.640314738770019,0.5650493525956001,,0.39032643185465,0.4567118780745013,0.9938998506102059,,0.7906872399688805,,0.6212634632129925,0.8524229776500541,0.12486309575696425,0.7316133574118426,0.24815904538626246,0.4547987176750529,0.8626393102646838,0.6793860293804176,0.6602014433333794,0.6316605888564203,0.9478228402342623,0.9130775256791945,0.10607787620929376,0.748169536722941,0.6410930566736132,,0.7912488256415124,0.0,0.4440951719140761,,,,0.7745713050222727,0.7264501792722847,0.9478228402342623,0.2555917944807563,0.36212258335945696,0.9475677681281044,0.6794697683467146,0.834361573677146,,,
Secrets Manager($),1.882115347895595e-71,0.01279552414340698,0.18064376495440654,0.046474025253269755,1.6545152494345743e-36,7.307729198802253e-17,3.443097339113542e-14,,1.3481061109775385e-10,4.645474307222509e-15,0.012563891171048905,,5.757806614255934e-66,4.0052874553683205e-15,1.514202122540977e-08,,8.435070660507178e-40,,8.248385287256758e-24,1.765714196045816e-24,3.3289474561161504e-06,1.8514018068113572e-17,7.57207705367048e-21,1.4020609784077772e-74,1.2669392931963388e-05,1.348588098471802e-07,1.2789719420996755e-27,6.257657892298854e-21,0.8708614256032625,0.017057938628893286,3.852055117073189e-40,0.3175073865107434,0.03550173684619706,,8.856755859996202e-17,0.4440951719140761,0.0,,,,0.00036003643578962015,0.9662403410111386,0.6774652163876097,2.2012371835127246e-21,2.4728503141129604e-05,0.7673037571952226,0.734511469599712,0.014597317046855615,,,
CloudWatch Events($),,,,,,,,,,,,,,,,,,,,,,,,,,,,,,,,,,,,,,,,,,,,,,,,,,,
Cognito($),,,,,,,,,,,,,,,,,,,,,,,,,,,,,,,,,,,,,,,,,,,,,,,,,,,
X-Ray($),,,,,,,,,,,,,,,,,,,,,,,,,,,,,,,,,,,,,,,,,,,,,,,,,,,
Cost Explorer($),3.060125226318822e-08,1.9522475781818234e-13,0.3095138702835514,0.060169037777193485,1.6753682662656692e-18,2.63414235903902e-15,2.2848830882380792e-14,,4.4773383862824006e-32,4.004531656345234e-08,0.0007903769463842467,,4.848319650416872e-26,4.010212349250735e-14,4.864457270112422e-05,,3.250293143951939e-18,,1.117559854776862e-05,0.2673734847736669,4.331119459852712e-34,0.006180778557883243,2.2556596439454494e-09,5.950403209815629e-05,1.49921211959022e-08,1.650457236845339e-06,0.000137850547365641,1.5269242061495525e-05,0.5239350614044109,0.5222631724963345,0.002340285550427938,3.784567299694855e-06,0.029024244028666844,,2.148820549701095e-10,0.7745713050222727,0.00036003643578962015,,,,0.0,0.0013615621750490967,0.4334634982325936,0.001898221807155568,3.609759613471709e-09,0.6023067464039539,7.93092423168819e-15,0.01985794819028249,,,
Service Catalog($),0.9673766071101054,0.5072473198721408,0.03129011183068938,0.0009458850614644719,0.013558830642538117,0.001850141573709621,0.9318145352572288,,0.0002769864335709634,0.0034266573465687473,3.2021678539200806e-11,,0.50392521529573,0.006595229517019426,0.0005286311271898266,,0.437561362904474,,0.002947302732181048,0.016163710315572222,1.9926206230028336e-08,0.0011444683523631743,0.10532114115303272,0.7326894946156876,0.008895199097599747,0.011278739753579016,0.003402789720209444,0.02455093773889542,0.9254675194832942,0.441198595482295,0.2779462695110867,0.15543813777418847,0.031948367131706505,,0.05247620507473903,0.7264501792722847,0.9662403410111386,,,,0.0013615621750490967,0.0,0.8994292683998074,0.9255415464571838,0.03951707739984247,0.626434346741667,0.02203231698242847,0.11832343647900101,,,
Systems Manager($),0.56731628169444,0.7226393704463187,0.47724915543385715,0.9300303640792825,0.4411635055514604,0.5829320005165644,0.6067897847667961,,0.09043834358019898,0.23106865871995044,0.7936679019617856,,0.5065475057167824,0.6190697958554209,0.6803832834624304,,0.4587251919413891,,0.7045973971659053,0.7982730447508923,0.947498649714491,0.7923982148931283,0.06806203919295481,0.70776864763215,0.37549262521340915,0.7389749858289405,0.7358436797783747,0.7129729026286894,0.9599471259690504,0.9332407890197126,0.9703724463687116,0.8072957903760114,0.6536811296461869,,0.6134978113082394,0.9478228402342623,0.6774652163876097,,,,0.4334634982325936,0.8994292683998074,0.0,0.3330627927392264,0.9674995857190932,0.9597512090112016,0.0898483295926168,0.871536861514739,,,
SES($),9.969002304890846e-30,1.1530235202366013e-09,1.839989335292832e-05,0.25490137015875225,4.4534259182603885e-17,8.338228313302342e-19,9.305318464539795e-23,,7.741371180771195e-13,0.11711765627802725,0.8599340616438673,,1.253780161235011e-19,1.903614298408991e-09,0.012887179375849312,,0.0004574123272608083,,0.0036437348771501997,7.821910438489717e-08,0.31989429455977025,0.16344900703665535,2.73751098179981e-86,1.5492040045023306e-21,0.00364096241738614,4.4332387190682465e-12,0.00025247781916003383,0.0029960678749559144,0.1651817555307289,0.9092315729021624,2.519329642659047e-11,0.028740606490746612,7.570593213457029e-09,,0.10656207653945961,0.2555917944807563,2.2012371835127246e-21,,,,0.001898221807155568,0.9255415464571838,0.3330627927392264,0.0,1.916783437732819e-11,0.9544437288745317,0.5328731806200219,7.852368323502969e-06,,,
Simple Workflow Service($),6.264502566315664e-20,1.4120542691123496e-15,6.02375928652006e-15,0.46939012210745473,2.444608435196562e-10,2.5674975452849656e-17,8.481774351317564e-42,,5.827996209178692e-14,0.05397913110407286,0.0012061516584604998,,1.7210690352519984e-10,1.0306287497269043e-10,1.0226552745142356e-07,,0.00044672847927547057,,0.8370140948806001,2.464179451318942e-11,0.004838083630335295,0.13479595119515433,1.6578547835432723e-07,2.7361120864972977e-07,0.0005610861024466132,1.4032704624524972e-46,0.5641860350814392,0.4626509001784978,0.516158794152519,0.3832781991014128,0.029305565609075587,0.08628737927366127,9.552397098881062e-23,,0.48596632581093546,0.36212258335945696,2.4728503141129604e-05,,,,3.609759613471709e-09,0.03951707739984247,0.9674995857190932,1.916783437732819e-11,0.0,0.44192039260115956,0.18341399763930397,1.3391103273288779e-12,,,
Direct Connect($),0.8230918211246359,0.5914139373788186,0.7464438921855402,0.924897127067492,0.5043241014000311,0.5517655274932112,0.6049145244309734,,8.998225636007876e-07,0.08646215632490954,0.7168934674812644,,0.5039960474122137,0.6206899414291459,0.6789053875098149,,0.36513006132332043,,0.7032194290660883,3.9912880850046144e-08,0.21868170279360066,0.7914052150201825,0.874605417245864,0.7333417623024328,0.35587912297294433,0.7472759428113951,0.7345989663119384,0.7116301982264934,0.9597512090112016,0.9329147299246845,1.1749094694226919e-05,0.8177693862588008,0.8847033927730511,,0.6167961040947039,0.9475677681281044,0.7673037571952226,,,,0.6023067464039539,0.626434346741667,0.9597512090112016,0.9544437288745317,0.44192039260115956,0.0,0.06870452060177207,0.8709134408048116,,,
CloudTrail($),0.653876481449381,0.009910641034827293,2.5507494858019025e-05,0.30219486693870246,2.433685864282845e-05,0.0010540649286647134,0.007770975168731843,,3.1056167954919127e-10,3.599661885789103e-11,0.015616647574193976,,3.128756522546016e-05,0.0011032505490659373,0.014804134286993951,,0.0006776911824409245,,0.001632572007342339,0.00047679059626583303,2.7654950112786163e-14,0.02927291345071657,0.13021113329103973,0.2360484980088454,0.006160007045986822,0.1053177649259584,0.004771052747981558,0.0022477152354794527,0.6783399097763806,0.49278079547471204,0.0012533624869866197,0.4871281901823016,0.023442808548251554,,0.0003873236300280415,0.6794697683467146,0.734511469599712,,,,7.93092423168819e-15,0.02203231698242847,0.0898483295926168,0.5328731806200219,0.18341399763930397,0.06870452060177207,0.0,0.8658229827007834,,,
CodeArtifact($),3.0581032786607216e-08,8.125309378593052e-99,2.5831721862614534e-37,0.9501586352190999,1.0104064083499643e-09,2.0542296765808695e-05,1.553414180142601e-11,,2.41655703997274e-07,1.0366575842495795e-10,0.0001460810639184519,,0.00027061450306586535,0.003973347261485403,1.3542455883596021e-17,,0.47851542033311295,,0.22178744219911412,0.0009855155651953642,0.5654800142597983,0.3965351019608119,1.3075073165030067e-05,0.002074766947432345,0.7086258504123812,9.982443578367553e-08,0.27702900917191464,0.23583697092024747,0.871536861514739,0.7873617969353768,0.1587256543722318,0.4095464513355149,1.1365600093215102e-36,,0.06768087137853883,0.834361573677146,0.014597317046855615,,,,0.01985794819028249,0.11832343647900101,0.871536861514739,7.852368323502969e-06,1.3391103273288779e-12,0.8709134408048116,0.8658229827007834,0.0,,,
Elastic Container Service($),,,,,,,,,,,,,,,,,,,,,,,,,,,,,,,,,,,,,,,,,,,,,,,,,,,
Migration Hub Refactor Spaces($),,,,,,,,,,,,,,,,,,,,,,,,,,,,,,,,,,,,,,,,,,,,,,,,,,0.0,
Location Service($),,,,,,,,,,,,,,,,,,,,,,,,,,,,,,,,,,,,,,,,,,,,,,,,,,,0.0
