,date-time,EC2-Instances($),S3($),Relational Database Service($),EC2-Other($),Glue($),DocumentDB (with MongoDB compatibility)($),Elastic MapReduce($),CloudWatch($),VPC($),OpenSearch Service($),Redshift($),Managed Streaming for Apache Kafka($),SageMaker($),ElastiCache($),DMS($),Elastic Load Balancing($),QuickSight($),Elastic File System($),SNS($),Lambda($),Elastic Container Service for Kubernetes($),Rekognition($),Hardened Red Hat Enterprise 7 (RHEL 7)($),Step Functions($),Glacier($),DynamoDB($),Backup($),AppFlow($),Route 53($),SQS($),EC2 Container Registry (ECR)($),Key Management Service($),API Gateway($),CloudFront($),Athena($),Secrets Manager($),CloudWatch Events($),Cognito($),X-Ray($),Cost Explorer($),Service Catalog($),Systems Manager($),SES($),Simple Workflow Service($),Direct Connect($),CloudTrail($),CodeArtifact($),Elastic Container Service($),Migration Hub Refactor Spaces($),Location Service($)
date-time,0.0,1.1773831067112211e-32,7.473806883461643e-23,4.8187120834164736e-160,1.3841012416186969e-12,2.2670404116049773e-09,7.185079803360785e-44,6.451773058827749e-22,1.222680851264649e-123,1.6795561321838828e-21,1.1029389543484125e-07,5.938245307621733e-07,4.22286260319573e-130,,6.633778492449005e-195,5.78891852463712e-78,5.751907924174052e-136,4.515910467015701e-50,,7.581316008708219e-87,9.219059550061575e-73,,,0.37447927312289786,1.2723927117657663e-06,1.407820085897758e-05,2.656873496690285e-142,,,1.2047048394696482e-84,5.146772033586906e-116,0.028617673138427148,7.185977886350185e-08,8.448241403912731e-106,5.383867591268575e-16,0.08551480416518165,2.389788782340335e-152,0.022303367796904835,1.0151033744089527e-48,0.07406803698912814,2.000909319572392e-08,5.758994668023097e-10,3.640467786401553e-38,0.1531464771068422,0.8564256917631696,0.8235804799261172,4.965617191945728e-44,2.7067771401057638e-08,,,
EC2-Instances($),1.1773831067112211e-32,0.0,0.2549709808617026,1.9586973277607754e-20,0.0006341472424423058,0.0001777366660604275,0.07066911811404025,0.10920752493340441,4.701606052955001e-17,1.1624003537688814e-05,0.009588454599335302,0.7121927949129916,5.765577927087769e-27,,6.085679385150201e-45,0.04595811282611556,1.7147354704048603e-08,1.4756711433583396e-154,,0.00727179713778036,0.27253519814725347,,,0.0025453794474846417,2.1932613456505277e-34,0.8782454533483692,6.086065137445088e-06,,,2.6649877452228207e-86,6.500125684653266e-06,0.0002151016310566663,1.2609463922896658e-98,1.0462849493408282e-06,5.335735640117782e-10,0.6511255179522983,7.189453718948586e-12,0.04903891847170191,0.001246645956848619,0.5585435422077464,4.492774162925433e-25,0.20672048113093133,0.8131470381474084,0.043711262286301594,0.0063051252628909225,0.46428115141353443,0.0038356026028925957,2.0694175222472798e-07,,,
S3($),7.473806883461643e-23,0.2549709808617026,0.0,1.1626483905804657e-11,0.00013306725830029655,0.7052099578854227,6.705747220700013e-06,3.654483049776429e-16,1.5755987063917587e-55,0.0010995485895840904,2.5668560219353775e-14,0.09391371356262947,5.894996129469739e-13,,4.399056300674314e-22,2.2453995107945255e-29,1.7001537226538403e-22,0.17723370005105404,,9.88751525810116e-22,4.905967710055716e-17,,,0.28893422675926483,0.0008207049236459167,0.0022381604495747935,1.1576647595533076e-44,,,9.731351774703992e-05,2.7487858935246526e-52,0.008935690576439333,9.582986997737354e-11,1.7142292396502836e-19,2.2070091937952717e-34,0.1640635600750247,7.082736381206578e-18,0.5079434902718933,5.809410681731469e-39,0.5214891136695134,0.001989587249917422,8.804035799381563e-08,1.8228422924335624e-05,0.40082937814829256,5.2846679932252376e-05,0.597515430990721,0.00047815638318692634,0.6786186104517994,,,
Relational Database Service($),4.8187120834164736e-160,1.9586973277607754e-20,1.1626483905804657e-11,0.0,2.4014331695466478e-11,4.095606624520787e-07,1.3219991465120177e-95,2.855797492808201e-11,1.0421674655413111e-72,1.299763387524757e-19,0.000700291476888883,1.682463855089865e-08,6.3527582917799895e-96,,3.6061808141096294e-92,9.297390412531852e-77,1.6077139555629663e-131,2.0944791544121084e-37,,3.020727147195048e-126,4.526459130216693e-112,,,0.805929490933144,9.760851205166773e-08,2.5246216184059886e-05,2.0638687304173791e-100,,,1.1356565224055687e-67,1.6518461028638344e-84,0.5354849431102408,0.0008105915606894374,2.510769543896875e-151,0.00020255775979504298,0.026438667958635177,4.175575205034278e-176,0.04752751164086612,3.0232790795424793e-36,0.04022330088499682,0.05093910682723269,1.5528416663896726e-10,1.872334344132504e-83,0.5222945238716613,0.7010989227856348,0.9836369952740243,5.355180243277447e-77,5.056671217645101e-07,,,
EC2-Other($),1.3841012416186969e-12,0.0006341472424423058,0.00013306725830029655,2.4014331695466478e-11,0.0,0.12400405190141796,2.696899192580049e-10,0.06637021817355662,1.1326684969003018e-11,0.0008109063091597123,6.5338052263163e-24,0.07146474164573176,7.5037543775963e-09,,4.925746315125655e-14,1.2785370787032328e-10,1.6707252793007153e-10,0.0032954742503763135,,1.9504717725241088e-12,1.5022205754740946e-10,,,0.0010466014815814033,0.3031273805227189,0.42639484754795204,2.9486924736475106e-13,,,2.6591450945361408e-05,9.030894172099126e-13,0.012661205601467015,0.5809191715996742,5.519938418615904e-13,0.016168239330827682,0.04082174811604989,2.788326104322688e-10,0.26975615538835157,1.5046499797825635e-08,0.3487506228147728,0.13721856831360393,0.2351626043740937,4.34872557318781e-09,0.4237620390347815,0.12252628146654851,0.6703325506767254,1.034884259527185e-05,0.5305481809150371,,,
Glue($),2.2670404116049773e-09,0.0001777366660604275,0.7052099578854227,4.095606624520787e-07,0.12400405190141796,0.0,0.02280712110413352,0.5263865443996354,9.135189340761998e-05,0.0010871932108736753,0.2392060418026456,0.2115355884511148,2.05106268323812e-09,,1.4138622855331312e-06,0.004050092249077347,0.00021732842108815076,9.150214175872495e-05,,0.0005040097949818252,0.004779259112944527,,,0.08849457868520541,0.030460640029370805,0.28371581545853786,5.25398687943968e-05,,,6.136491863656932e-06,2.346322196935012e-06,0.8564811370990221,7.670398810697505e-06,0.0001253185115412436,0.0007361287473459905,0.274935109145305,8.96460561836449e-06,0.16619349472555076,0.0009874765369837543,0.3073067295808363,4.85143864450073e-06,0.31985938369128036,0.020840875001507005,0.41679434171622337,0.3706520783553159,0.6904119323721117,0.010397114714207413,0.9821139238340365,,,
DocumentDB (with MongoDB compatibility)($),7.185079803360785e-44,0.07066911811404025,6.705747220700013e-06,1.3219991465120177e-95,2.696899192580049e-10,0.02280712110413352,0.0,0.0006958221324537872,2.509182073805937e-24,1.2526500669384518e-07,6.563163545901858e-05,5.784116901084022e-12,4.7143378303110445e-37,,1.2908458537591449e-21,5.449802496694468e-45,9.091244675051574e-58,2.2739274687481969e-07,,1.905039876062162e-125,3.5233503688065716e-140,,,0.115627304744093,0.0008939237336436569,0.03136659948546072,2.4369418087819108e-51,,,9.261839808970508e-11,2.0681005533552855e-45,0.2935105264358051,0.0032293771051855485,1.1690576164559816e-127,0.4158528248418238,0.006920499911607499,7.7380002504197585e-78,0.5584560009020427,2.04643427609811e-22,0.019963967242024254,0.0016188996208112518,1.8147460843272023e-09,1.4235296214493635e-206,6.633030208710096e-05,0.026627543519175144,0.7910994509631449,3.8961731958988426e-76,0.088613786264768,,,
Elastic MapReduce($),6.451773058827749e-22,0.10920752493340441,3.654483049776429e-16,2.855797492808201e-11,0.06637021817355662,0.5263865443996354,0.0006958221324537872,0.0,4.539715929601412e-26,5.607901101562089e-08,1.1195921110576352e-06,0.04211222316279278,8.340550345937356e-11,,2.3235655370986762e-23,5.555973591087849e-29,7.328498891477001e-33,0.00014499178624354552,,1.5067711022776525e-15,4.481652510051997e-17,,,0.895704713464067,0.015933261706951616,1.0173542823019565e-18,1.197768225151695e-27,,,3.624896441316157e-08,1.391631242802163e-22,0.8599622900338617,0.38296365878729105,1.8872070905755614e-16,0.003206172197744491,0.23635340678072905,2.5122496919076143e-25,0.8426446435795276,6.873212849287957e-19,0.9025037905655611,0.01595880026041767,5.7872255675447464e-24,0.00018696539730674613,0.03549994414616781,0.12866350394329476,0.6723186030848104,5.6228379452905545e-12,0.17117093153260052,,,
CloudWatch($),1.222680851264649e-123,4.701606052955001e-17,1.5755987063917587e-55,1.0421674655413111e-72,1.1326684969003018e-11,9.135189340761998e-05,2.509182073805937e-24,4.539715929601412e-26,0.0,2.336985635642984e-14,2.4037953037531287e-08,0.007918474970042066,8.789826533077009e-64,,2.015061693495734e-107,5.557778905929187e-70,6.714191870859479e-105,1.8908342832670575e-28,,3.258038556593752e-69,6.036326993888681e-54,,,0.6128832633089155,0.07611903808152362,1.657020307937053e-09,2.525811198772194e-108,,,1.432383742912657e-47,2.0144846104627655e-124,0.16562603730810752,0.1056628314948986,7.808031789999482e-77,7.201495602492352e-35,0.06672791257284064,2.067895568799991e-93,0.08175085444966684,1.887346994808042e-74,0.5662451292664072,1.1100072791007494e-05,4.404029644917286e-08,4.231531412296448e-21,0.22388197552366815,0.7969991413212757,0.8900434136623939,4.756323057603258e-30,0.00025055452671794525,,,
VPC($),1.6795561321838828e-21,1.1624003537688814e-05,0.0010995485895840904,1.299763387524757e-19,0.0008109063091597123,0.0010871932108736753,1.2526500669384518e-07,5.607901101562089e-08,2.336985635642984e-14,0.0,0.005293291699793387,0.4716855844556456,3.406234551766797e-17,,1.024743270762523e-18,3.072816115076117e-12,4.4881994012934374e-20,1.6216950498651912e-08,,2.6696159732085967e-14,5.149349739602794e-13,,,0.03056831904938613,0.010919989243784562,0.03460920220553272,6.287203802737003e-16,,,6.004506038022648e-15,4.525849274531957e-13,0.09696633158563425,0.021398356828080816,1.7446102800214053e-15,0.006717516736566997,0.8501380782538742,4.5301317039148135e-18,0.20445467277109394,2.1539324952884802e-10,0.7788610110468192,0.007542519413393616,0.008790050817242457,8.290420948080202e-08,0.08015502902307058,0.41077967865549925,0.280771134903744,5.052564938960599e-10,0.0021445523426559445,,,
OpenSearch Service($),1.1029389543484125e-07,0.009588454599335302,2.5668560219353775e-14,0.000700291476888883,6.5338052263163e-24,0.2392060418026456,6.563163545901858e-05,1.1195921110576352e-06,2.4037953037531287e-08,0.005293291699793387,0.0,0.07456708916005511,0.5344165912361085,,2.6381599616899167e-10,1.6313038375040635e-12,9.212957557734918e-08,0.416610168166455,,3.582031543326875e-10,8.68489126304144e-12,,,0.37068811847623157,0.016356566437168294,0.00030477742526883024,6.00645365804745e-22,,,0.3961577564804188,1.0738712961312304e-16,0.0035172436906965045,8.405561114160581e-09,3.816880640053959e-09,0.00016084008426079014,0.5815567394181579,4.987820576039842e-08,0.9191505594779665,3.5230662191292016e-11,0.28056000004254905,1.530703092670028e-06,0.0005432571159986875,1.051962757097352e-05,0.6590213603525746,0.5580722166593062,0.5661874137250882,0.22546825961624903,0.8210205194710644,,,
Redshift($),5.938245307621733e-07,0.7121927949129916,0.09391371356262947,1.682463855089865e-08,0.07146474164573176,0.2115355884511148,5.784116901084022e-12,0.04211222316279278,0.007918474970042066,0.4716855844556456,0.07456708916005511,0.0,2.1464897296267165e-09,,0.0006011787271607052,1.2234394536940895e-07,7.4050828760763056e-06,0.14067935928060196,,2.159521519086398e-07,7.835347435779456e-09,,,0.42773153283444465,0.42543690146531726,0.15975303881149056,4.15179287750844e-08,,,0.04554580309953092,8.690131536537108e-12,0.5330392580409858,0.089227703984631,7.006903360645369e-07,0.20113849054880523,0.016838284747288716,1.993307287031608e-09,0.9411754014896512,0.263910511700521,0.9964707327536907,0.0488726468899521,3.827265757102585e-06,5.328887517880317e-13,0.08247854390774134,0.8962375654267151,0.8757791898079504,2.8167297449761073e-07,0.6107505598273841,,,
Managed Streaming for Apache Kafka($),4.22286260319573e-130,5.765577927087769e-27,5.894996129469739e-13,6.3527582917799895e-96,7.5037543775963e-09,2.05106268323812e-09,4.7143378303110445e-37,8.340550345937356e-11,8.789826533077009e-64,3.406234551766797e-17,0.5344165912361085,2.1464897296267165e-09,0.0,,1.656480949492465e-93,1.163136018278906e-36,6.421107836683539e-68,1.5183359569383331e-34,,7.896435447853197e-52,3.5186015325254795e-45,,,0.0030453891142263162,3.0637147514940016e-07,0.21658020536260822,4.3679517760735444e-67,,,2.422232239531167e-68,3.3400200773706714e-59,0.00041780668460666634,8.2013712380384e-08,1.9132833666165948e-60,6.853238330992301e-10,0.055035823641991055,1.7379368210213707e-71,0.15332505561594242,1.1868801222643122e-28,0.23241043953783705,2.9494390852165617e-21,4.7004545985603814e-05,7.72795791202777e-34,0.08882262286054866,3.203112101747377e-06,0.5407120320560614,2.0516260514512237e-34,0.00019035352107690988,,,
SageMaker($),,,,,,,,,,,,,,,,,,,,,,,,,,,,,,,,,,,,,,,,,,,,,,,,,,,
ElastiCache($),6.633778492449005e-195,6.085679385150201e-45,4.399056300674314e-22,3.6061808141096294e-92,4.925746315125655e-14,1.4138622855331312e-06,1.2908458537591449e-21,2.3235655370986762e-23,2.015061693495734e-107,1.024743270762523e-18,2.6381599616899167e-10,0.0006011787271607052,1.656480949492465e-93,,0.0,3.378159414664482e-52,1.323083988152551e-91,4.567152647208604e-62,,6.169466822593966e-48,1.5254912625925758e-40,,,0.665141684779531,7.763030263275614e-08,5.212843498096285e-06,1.529946976680809e-105,,,3.494744414419247e-100,1.7932817927391824e-79,1.0111097816648165e-05,1.4469534564619134e-11,3.070768397415868e-59,8.28849998753032e-20,0.11193517967542894,1.5187933386514559e-90,0.07072695470865473,7.095487350925493e-40,0.1853218025749699,1.852498702116407e-11,7.283199890883942e-07,3.324851905366074e-17,0.02959205615058422,0.6653019738972032,0.40587054231522474,6.148194591247849e-20,3.7884884841112023e-06,,,
DMS($),5.78891852463712e-78,0.04595811282611556,2.2453995107945255e-29,9.297390412531852e-77,1.2785370787032328e-10,0.004050092249077347,5.449802496694468e-45,5.555973591087849e-29,5.557778905929187e-70,3.072816115076117e-12,1.6313038375040635e-12,1.2234394536940895e-07,1.163136018278906e-36,,3.378159414664482e-52,0.0,5.1975875029228655e-137,7.022014788596578e-08,,1.1808991241167372e-108,1.7607407237995014e-104,,,0.7566479388861603,0.07977077321553108,7.968672231614153e-19,1.384899338059135e-125,,,1.3311949708298134e-15,2.5936439717981653e-112,0.011190990913419996,0.00012641933260032636,1.4450151731956931e-98,0.005394454330663455,0.02302055753426103,3.2221011741224276e-145,0.3509790552821343,1.481238917933072e-44,0.18689306303633407,8.840500623417674e-05,9.252884436360105e-19,4.3710443349810127e-47,0.8569462084049969,0.45054264574127156,0.5467683197931951,8.503551070642495e-73,0.050813423958515826,,,
Elastic Load Balancing($),5.751907924174052e-136,1.7147354704048603e-08,1.7001537226538403e-22,1.6077139555629663e-131,1.6707252793007153e-10,0.00021732842108815076,9.091244675051574e-58,7.328498891477001e-33,6.714191870859479e-105,4.4881994012934374e-20,9.212957557734918e-08,7.4050828760763056e-06,6.421107836683539e-68,,1.323083988152551e-91,5.1975875029228655e-137,0.0,4.824377418242421e-21,,1.2837507096857542e-134,3.4653557065631044e-129,,,0.4022212851317946,0.46378721439479587,1.2615223978243322e-17,3.657119898315728e-139,,,6.707105968677656e-38,1.2965106905489837e-109,0.5334226290260445,0.7939937239500994,3.714234177835394e-139,7.154625759086434e-06,0.011027006276566637,8.2803824993901e-216,0.04394548536458583,9.353185014926952e-54,0.18227892086433023,0.4913611458526775,1.1005003666230795e-15,2.103398776752377e-55,0.6546109699173369,0.43694802683313605,0.7526588998819255,3.439216350576749e-80,2.2250362425158802e-05,,,
QuickSight($),4.515910467015701e-50,1.4756711433583396e-154,0.17723370005105404,2.0944791544121084e-37,0.0032954742503763135,9.150214175872495e-05,2.2739274687481969e-07,0.00014499178624354552,1.8908342832670575e-28,1.6216950498651912e-08,0.416610168166455,0.14067935928060196,1.5183359569383331e-34,,4.567152647208604e-62,7.022014788596578e-08,4.824377418242421e-21,0.0,,3.6669016274348077e-10,2.408440168605041e-07,,,0.019074067130374787,2.0257602911056034e-26,0.005209623536129474,3.253728867011854e-16,,,8.512453909443199e-92,1.1415747209945831e-14,0.0067154264142919515,1.7920585864973815e-40,1.2737895253241442e-16,9.177726173368522e-10,0.2234323223013737,8.248498193903832e-25,0.03470459729144975,1.667705574772869e-08,0.21032616738850332,5.3970781277341537e-17,0.6152314517569885,0.00018163311412030655,0.06909060895190694,0.05524182789333679,0.684204695848198,5.195187009261104e-09,4.4592106199967625e-08,,,
Elastic File System($),,,,,,,,,,,,,,,,,,,,,,,,,,,,,,,,,,,,,,,,,,,,,,,,,,,
SNS($),7.581316008708219e-87,0.00727179713778036,9.88751525810116e-22,3.020727147195048e-126,1.9504717725241088e-12,0.0005040097949818252,1.905039876062162e-125,1.5067711022776525e-15,3.258038556593752e-69,2.6696159732085967e-14,3.582031543326875e-10,2.159521519086398e-07,7.896435447853197e-52,,6.169466822593966e-48,1.1808991241167372e-108,1.2837507096857542e-134,3.6669016274348077e-10,,0.0,6.135506980925588e-256,,,0.23592669635938657,0.4301451491097573,4.9527169093223525e-09,1.3372888261864369e-118,,,1.3481616321438731e-17,2.425813440196811e-107,0.028274340113100586,0.005746243818238166,5.58027377663753e-299,3.3515682646158575e-05,0.003843791876535192,2.126530120044537e-162,0.249372418737618,1.5693648219340817e-59,0.08539681946068417,0.017089369901536814,4.562790733462213e-14,4.1232780915232146e-134,0.016866780368827355,0.8758038518144684,0.5895016680694725,3.445122738859504e-92,0.01214028854495541,,,
Lambda($),9.219059550061575e-73,0.27253519814725347,4.905967710055716e-17,4.526459130216693e-112,1.5022205754740946e-10,0.004779259112944527,3.5233503688065716e-140,4.481652510051997e-17,6.036326993888681e-54,5.149349739602794e-13,8.68489126304144e-12,7.835347435779456e-09,3.5186015325254795e-45,,1.5254912625925758e-40,1.7607407237995014e-104,3.4653557065631044e-129,2.408440168605041e-07,,6.135506980925588e-256,0.0,,,0.07971112567448813,0.933651346287932,3.813749101472582e-11,5.675407701305012e-114,,,1.2506394017496912e-12,3.1450968383771336e-89,0.1274210035294128,6.250546437247566e-06,4.8960266216270467e-228,0.09230807705049004,0.00229642370868881,1.4434212099070719e-152,0.42195189886328804,2.2549274648161324e-49,0.10956928554725097,2.203526564013203e-05,1.3097392276143602e-15,7.387527581724355e-157,0.005757387580496632,0.4877455041039063,0.5620246953681343,6.085017693276978e-95,0.07218001908456348,,,
Elastic Container Service for Kubernetes($),,,,,,,,,,,,,,,,,,,,,,0.0,,,,,,,,,,,,,,,,,,,,,,,,,,,,,
Rekognition($),,,,,,,,,,,,,,,,,,,,,,,,,,,,,,,,,,,,,,,,,,,,,,,,,,,
Hardened Red Hat Enterprise 7 (RHEL 7)($),0.37447927312289786,0.0025453794474846417,0.28893422675926483,0.805929490933144,0.0010466014815814033,0.08849457868520541,0.115627304744093,0.895704713464067,0.6128832633089155,0.03056831904938613,0.37068811847623157,0.42773153283444465,0.0030453891142263162,,0.665141684779531,0.7566479388861603,0.4022212851317946,0.019074067130374787,,0.23592669635938657,0.07971112567448813,,,0.0,0.6014657136268208,0.00015861976099319135,0.21927347893932506,,,0.05374398324387284,0.4781417346793911,0.21776810409791925,0.0031142994590381097,0.43428990383779575,0.7054804652754025,0.2507682224670239,0.7451801969856892,0.5010343589785937,0.5303222898134002,0.6506501010716181,0.02472266000199214,0.5226035179304821,0.05838939087819833,0.8446415659331549,0.0023314422254426294,0.8003303013627353,0.7533769848940048,0.4135292672830602,,,
Step Functions($),1.2723927117657663e-06,2.1932613456505277e-34,0.0008207049236459167,9.760851205166773e-08,0.3031273805227189,0.030460640029370805,0.0008939237336436569,0.015933261706951616,0.07611903808152362,0.010919989243784562,0.016356566437168294,0.42543690146531726,3.0637147514940016e-07,,7.763030263275614e-08,0.07977077321553108,0.46378721439479587,2.0257602911056034e-26,,0.4301451491097573,0.933651346287932,,,0.6014657136268208,0.0,1.4969412289681024e-14,0.7597011874052054,,,6.937738690025991e-18,0.7777310724784577,0.001925861544161806,7.7163589077160255e-28,0.024795751100461262,0.04234482264941025,0.883070113087302,0.05293008784467808,0.1174602074085483,0.5701154059910843,0.1189155009571481,3.8649201830262865e-07,0.046880518261861695,0.15466568054457047,0.04422014816240528,0.06740545709254199,0.33323205996381133,0.5834170822007814,0.0026176134520115683,,,
Glacier($),1.407820085897758e-05,0.8782454533483692,0.0022381604495747935,2.5246216184059886e-05,0.42639484754795204,0.28371581545853786,0.03136659948546072,1.0173542823019565e-18,1.657020307937053e-09,0.03460920220553272,0.00030477742526883024,0.15975303881149056,0.21658020536260822,,5.212843498096285e-06,7.968672231614153e-19,1.2615223978243322e-17,0.005209623536129474,,4.9527169093223525e-09,3.813749101472582e-11,,,0.00015861976099319135,1.4969412289681024e-14,0.0,7.147120302509373e-11,,,0.005784791914598357,1.0210834306315207e-09,3.4408257779150544e-05,0.009645953352890457,1.993045473681102e-08,0.8561003238441586,0.09172850924495606,8.448664964486431e-16,0.329218111402594,4.20416513179647e-07,0.2908144780221765,4.7163193452845314e-17,7.347894329290466e-07,0.012842403670615342,0.365732031622342,1.4796300811150475e-15,0.40229752217679027,4.5330352991940776e-11,0.32633229534442837,,,
DynamoDB($),2.656873496690285e-142,6.086065137445088e-06,1.1576647595533076e-44,2.0638687304173791e-100,2.9486924736475106e-13,5.25398687943968e-05,2.4369418087819108e-51,1.197768225151695e-27,2.525811198772194e-108,6.287203802737003e-16,6.00645365804745e-22,4.15179287750844e-08,4.3679517760735444e-67,,1.529946976680809e-105,1.384899338059135e-125,3.657119898315728e-139,3.253728867011854e-16,,1.3372888261864369e-118,5.675407701305012e-114,,,0.21927347893932506,0.7597011874052054,7.147120302509373e-11,0.0,,,7.065725425755025e-29,2.4538467700862583e-171,0.17894249154886324,0.04709169377807587,9.881847870861891e-121,4.815982289481409e-13,0.04250339610556968,2.925093733436457e-148,0.25426377689647706,1.3686632231524558e-63,0.09693616111367816,0.3371923193573762,9.285574432524371e-15,2.6884493918516705e-51,0.8103835104497336,0.16489373195894522,0.4435520496819155,6.661960232456297e-41,0.008425541893869265,,,
Backup($),,,,,,,,,,,,,,,,,,,,,,,,,,,,,,,,,,,,,,,,,,,,,,,,,,,
AppFlow($),,,,,,,,,,,,,,,,,,,,,,,,,,,,,,,,,,,,,,,,,,,,,,,,,,,
Route 53($),1.2047048394696482e-84,2.6649877452228207e-86,9.731351774703992e-05,1.1356565224055687e-67,2.6591450945361408e-05,6.136491863656932e-06,9.261839808970508e-11,3.624896441316157e-08,1.432383742912657e-47,6.004506038022648e-15,0.3961577564804188,0.04554580309953092,2.422232239531167e-68,,3.494744414419247e-100,1.3311949708298134e-15,6.707105968677656e-38,8.512453909443199e-92,,1.3481616321438731e-17,1.2506394017496912e-12,,,0.05374398324387284,6.937738690025991e-18,0.005784791914598357,7.065725425755025e-29,,,0.0,3.6819856138336977e-25,0.00030034705695736956,3.949145665961173e-36,2.778079777123344e-25,1.5084388371182068e-12,0.3427556582687196,1.815604162313141e-40,0.056772173105357565,5.093862716398676e-14,0.21278674962183775,1.659272161393523e-22,0.02621704996867626,5.574186312891806e-07,0.021060594184839986,0.845071765823942,0.5257199462196127,4.3344017056816e-14,3.226776348519348e-07,,,
SQS($),5.146772033586906e-116,6.500125684653266e-06,2.7487858935246526e-52,1.6518461028638344e-84,9.030894172099126e-13,2.346322196935012e-06,2.0681005533552855e-45,1.391631242802163e-22,2.0144846104627655e-124,4.525849274531957e-13,1.0738712961312304e-16,8.690131536537108e-12,3.3400200773706714e-59,,1.7932817927391824e-79,2.5936439717981653e-112,1.2965106905489837e-109,1.1415747209945831e-14,,2.425813440196811e-107,3.1450968383771336e-89,,,0.4781417346793911,0.7777310724784577,1.0210834306315207e-09,2.4538467700862583e-171,,,3.6819856138336977e-25,0.0,0.007883049537044003,0.027167391291187733,4.651041963534866e-107,9.784863985889951e-23,0.03882844148333223,3.913244231870761e-127,0.20408261888194895,1.6062017004625936e-66,0.09265726555130402,0.42185398895052173,2.1112955998519295e-13,7.65512881008096e-45,0.5968417385951286,0.4457619562829296,0.4940832368976393,6.237123195203965e-39,0.009533952693143239,,,
EC2 Container Registry (ECR)($),0.028617673138427148,0.0002151016310566663,0.008935690576439333,0.5354849431102408,0.012661205601467015,0.8564811370990221,0.2935105264358051,0.8599622900338617,0.16562603730810752,0.09696633158563425,0.0035172436906965045,0.5330392580409858,0.00041780668460666634,,1.0111097816648165e-05,0.011190990913419996,0.5334226290260445,0.0067154264142919515,,0.028274340113100586,0.1274210035294128,,,0.21776810409791925,0.001925861544161806,3.4408257779150544e-05,0.17894249154886324,,,0.00030034705695736956,0.007883049537044003,0.0,3.1810483141340204e-06,0.11976121919007425,0.09702335553409096,0.1977138200396646,0.3245076694592866,0.8343044377893002,0.02334199032374822,0.662148340515055,7.889145942651232e-08,0.14423881000253222,0.12501728451018554,0.0322424334400256,0.005603758490733413,0.8136466821110657,1.6510073479352576e-06,0.34483680107297054,,,
Key Management Service($),7.185977886350185e-08,1.2609463922896658e-98,9.582986997737354e-11,0.0008105915606894374,0.5809191715996742,7.670398810697505e-06,0.0032293771051855485,0.38296365878729105,0.1056628314948986,0.021398356828080816,8.405561114160581e-09,0.089227703984631,8.2013712380384e-08,,1.4469534564619134e-11,0.00012641933260032636,0.7939937239500994,1.7920585864973815e-40,,0.005746243818238166,6.250546437247566e-06,,,0.0031142994590381097,7.7163589077160255e-28,0.009645953352890457,0.04709169377807587,,,3.949145665961173e-36,0.027167391291187733,3.1810483141340204e-06,0.0,0.549859823489233,0.0024955655934415177,0.5713807777829283,0.37855822473345874,0.05345114647481357,0.08027377372436546,0.8858214099483861,5.11614547454542e-23,0.028357491119631803,1.1219767200596139e-05,0.0012238998541820184,1.0444080916237951e-08,0.2674723363479977,0.4306872452841244,6.262598892567047e-10,,,
API Gateway($),8.448241403912731e-106,1.0462849493408282e-06,1.7142292396502836e-19,2.510769543896875e-151,5.519938418615904e-13,0.0001253185115412436,1.1690576164559816e-127,1.8872070905755614e-16,7.808031789999482e-77,1.7446102800214053e-15,3.816880640053959e-09,7.006903360645369e-07,1.9132833666165948e-60,,3.070768397415868e-59,1.4450151731956931e-98,3.714234177835394e-139,1.2737895253241442e-16,,5.58027377663753e-299,4.8960266216270467e-228,,,0.43428990383779575,0.024795751100461262,1.993045473681102e-08,9.881847870861891e-121,,,2.778079777123344e-25,4.651041963534866e-107,0.11976121919007425,0.549859823489233,0.0,2.4836268734663312e-06,0.004861535748852408,4.333123707600268e-182,0.1865194320341423,1.2888106107822714e-61,0.0540523933639481,0.13488439685081632,8.50721963988511e-14,1.0790361747051045e-126,0.03917209170421789,0.9068298757462707,0.7107312448769147,1.19239638076524e-92,0.002015391701511154,,,
CloudFront($),5.383867591268575e-16,5.335735640117782e-10,2.2070091937952717e-34,0.00020255775979504298,0.016168239330827682,0.0007361287473459905,0.4158528248418238,0.003206172197744491,7.201495602492352e-35,0.006717516736566997,0.00016084008426079014,0.20113849054880523,6.853238330992301e-10,,8.28849998753032e-20,0.005394454330663455,7.154625759086434e-06,9.177726173368522e-10,,3.3515682646158575e-05,0.09230807705049004,,,0.7054804652754025,0.04234482264941025,0.8561003238441586,4.815982289481409e-13,,,1.5084388371182068e-12,9.784863985889951e-23,0.09702335553409096,0.0024955655934415177,2.4836268734663312e-06,0.0,0.961055433980935,0.00025821097912421805,0.1584689998623966,4.893969746663109e-33,0.48368401780894904,1.6728910084257128e-21,0.5909766749344428,0.11772633630174333,0.15074195687445308,0.4296908039604816,0.7778833996232958,0.0016534871390090934,0.008177051867231482,,,
Athena($),0.08551480416518165,0.6511255179522983,0.1640635600750247,0.026438667958635177,0.04082174811604989,0.274935109145305,0.006920499911607499,0.23635340678072905,0.06672791257284064,0.8501380782538742,0.5815567394181579,0.016838284747288716,0.055035823641991055,,0.11193517967542894,0.02302055753426103,0.011027006276566637,0.2234323223013737,,0.003843791876535192,0.00229642370868881,,,0.2507682224670239,0.883070113087302,0.09172850924495606,0.04250339610556968,,,0.3427556582687196,0.03882844148333223,0.1977138200396646,0.5713807777829283,0.004861535748852408,0.961055433980935,0.0,0.009789813927486941,0.8433236019517716,4.861677566575625e-06,0.5477920541715601,0.05466390016025249,0.0400722328431896,0.012484334864223073,0.6594661733355148,0.7281430445261668,0.7204387169765771,0.0009287532125939576,0.5748043060382356,,,
Secrets Manager($),2.389788782340335e-152,7.189453718948586e-12,7.082736381206578e-18,4.175575205034278e-176,2.788326104322688e-10,8.96460561836449e-06,7.7380002504197585e-78,2.5122496919076143e-25,2.067895568799991e-93,4.5301317039148135e-18,4.987820576039842e-08,1.993307287031608e-09,1.7379368210213707e-71,,1.5187933386514559e-90,3.2221011741224276e-145,8.2803824993901e-216,8.248498193903832e-25,,2.126530120044537e-162,1.4434212099070719e-152,,,0.7451801969856892,0.05293008784467808,8.448664964486431e-16,2.925093733436457e-148,,,1.815604162313141e-40,3.913244231870761e-127,0.3245076694592866,0.37855822473345874,4.333123707600268e-182,0.00025821097912421805,0.009789813927486941,0.0,0.09539335902568205,1.767663302336919e-50,0.10837587108659553,0.17784014958973404,4.515252200282209e-16,3.534353954441673e-76,0.4920648462625219,0.18222838408814102,0.7740709162827688,5.0201741449678514e-92,9.364166747352065e-05,,,
CloudWatch Events($),0.022303367796904835,0.04903891847170191,0.5079434902718933,0.04752751164086612,0.26975615538835157,0.16619349472555076,0.5584560009020427,0.8426446435795276,0.08175085444966684,0.20445467277109394,0.9191505594779665,0.9411754014896512,0.15332505561594242,,0.07072695470865473,0.3509790552821343,0.04394548536458583,0.03470459729144975,,0.249372418737618,0.42195189886328804,,,0.5010343589785937,0.1174602074085483,0.329218111402594,0.25426377689647706,,,0.056772173105357565,0.20408261888194895,0.8343044377893002,0.05345114647481357,0.1865194320341423,0.1584689998623966,0.8433236019517716,0.09539335902568205,0.0,0.27528708073041286,0.9180932714236618,0.4164322965050183,0.8641145314910327,0.7261793665172092,0.38704679742467724,0.04373004891079127,0.9815512010593133,0.3298107310658294,1.019711937831277e-28,,,
Cognito($),1.0151033744089527e-48,0.001246645956848619,5.809410681731469e-39,3.0232790795424793e-36,1.5046499797825635e-08,0.0009874765369837543,2.04643427609811e-22,6.873212849287957e-19,1.887346994808042e-74,2.1539324952884802e-10,3.5230662191292016e-11,0.263910511700521,1.1868801222643122e-28,,7.095487350925493e-40,1.481238917933072e-44,9.353185014926952e-54,1.667705574772869e-08,,1.5693648219340817e-59,2.2549274648161324e-49,,,0.5303222898134002,0.5701154059910843,4.20416513179647e-07,1.3686632231524558e-63,,,5.093862716398676e-14,1.6062017004625936e-66,0.02334199032374822,0.08027377372436546,1.2888106107822714e-61,4.893969746663109e-33,4.861677566575625e-06,1.767663302336919e-50,0.27528708073041286,0.0,0.26541075139808323,0.33022544573922524,4.489683498798912e-09,2.9206238722368795e-22,0.7802731789769404,0.6699339112212471,0.5674789887473348,8.983851910533544e-21,0.06408213400538736,,,
X-Ray($),0.07406803698912814,0.5585435422077464,0.5214891136695134,0.04022330088499682,0.3487506228147728,0.3073067295808363,0.019963967242024254,0.9025037905655611,0.5662451292664072,0.7788610110468192,0.28056000004254905,0.9964707327536907,0.23241043953783705,,0.1853218025749699,0.18689306303633407,0.18227892086433023,0.21032616738850332,,0.08539681946068417,0.10956928554725097,,,0.6506501010716181,0.1189155009571481,0.2908144780221765,0.09693616111367816,,,0.21278674962183775,0.09265726555130402,0.662148340515055,0.8858214099483861,0.0540523933639481,0.48368401780894904,0.5477920541715601,0.10837587108659553,0.9180932714236618,0.26541075139808323,0.0,0.313857902802172,0.04722430628245775,0.15873428876285284,0.5874754664984448,0.14768517876428067,0.9217699492335613,0.2087988067011937,0.7509438490086489,,,
Cost Explorer($),2.000909319572392e-08,4.492774162925433e-25,0.001989587249917422,0.05093910682723269,0.13721856831360393,4.85143864450073e-06,0.0016188996208112518,0.01595880026041767,1.1100072791007494e-05,0.007542519413393616,1.530703092670028e-06,0.0488726468899521,2.9494390852165617e-21,,1.852498702116407e-11,8.840500623417674e-05,0.4913611458526775,5.3970781277341537e-17,,0.017089369901536814,2.203526564013203e-05,,,0.02472266000199214,3.8649201830262865e-07,4.7163193452845314e-17,0.3371923193573762,,,1.659272161393523e-22,0.42185398895052173,7.889145942651232e-08,5.11614547454542e-23,0.13488439685081632,1.6728910084257128e-21,0.05466390016025249,0.17784014958973404,0.4164322965050183,0.33022544573922524,0.313857902802172,0.0,0.00013254138469637173,7.429281381783076e-06,9.942402634919437e-05,3.466777477604632e-07,0.2159630281340958,1.2867392774441929e-05,0.018894583763331967,,,
Service Catalog($),5.758994668023097e-10,0.20672048113093133,8.804035799381563e-08,1.5528416663896726e-10,0.2351626043740937,0.31985938369128036,1.8147460843272023e-09,5.7872255675447464e-24,4.404029644917286e-08,0.008790050817242457,0.0005432571159986875,3.827265757102585e-06,4.7004545985603814e-05,,7.283199890883942e-07,9.252884436360105e-19,1.1005003666230795e-15,0.6152314517569885,,4.562790733462213e-14,1.3097392276143602e-15,,,0.5226035179304821,0.046880518261861695,7.347894329290466e-07,9.285574432524371e-15,,,0.02621704996867626,2.1112955998519295e-13,0.14423881000253222,0.028357491119631803,8.50721963988511e-14,0.5909766749344428,0.0400722328431896,4.515252200282209e-16,0.8641145314910327,4.489683498798912e-09,0.04722430628245775,0.00013254138469637173,0.0,3.591425801322387e-10,0.695998602306636,0.005285082131539089,0.6868909021805848,5.07325823806221e-12,0.1921870829020966,,,
Systems Manager($),3.640467786401553e-38,0.8131470381474084,1.8228422924335624e-05,1.872334344132504e-83,4.34872557318781e-09,0.020840875001507005,1.4235296214493635e-206,0.00018696539730674613,4.231531412296448e-21,8.290420948080202e-08,1.051962757097352e-05,5.328887517880317e-13,7.72795791202777e-34,,3.324851905366074e-17,4.3710443349810127e-47,2.103398776752377e-55,0.00018163311412030655,,4.1232780915232146e-134,7.387527581724355e-157,,,0.05838939087819833,0.15466568054457047,0.012842403670615342,2.6884493918516705e-51,,,5.574186312891806e-07,7.65512881008096e-45,0.12501728451018554,1.1219767200596139e-05,1.0790361747051045e-126,0.11772633630174333,0.012484334864223073,3.534353954441673e-76,0.7261793665172092,2.9206238722368795e-22,0.15873428876285284,7.429281381783076e-06,3.591425801322387e-10,0.0,7.544711642210198e-06,0.07293159502611735,0.6985953816231537,4.959958395962682e-78,0.22373749435412704,,,
SES($),0.1531464771068422,0.043711262286301594,0.40082937814829256,0.5222945238716613,0.4237620390347815,0.41679434171622337,6.633030208710096e-05,0.03549994414616781,0.22388197552366815,0.08015502902307058,0.6590213603525746,0.08247854390774134,0.08882262286054866,,0.02959205615058422,0.8569462084049969,0.6546109699173369,0.06909060895190694,,0.016866780368827355,0.005757387580496632,,,0.8446415659331549,0.04422014816240528,0.365732031622342,0.8103835104497336,,,0.021060594184839986,0.5968417385951286,0.0322424334400256,0.0012238998541820184,0.03917209170421789,0.15074195687445308,0.6594661733355148,0.4920648462625219,0.38704679742467724,0.7802731789769404,0.5874754664984448,9.942402634919437e-05,0.695998602306636,7.544711642210198e-06,0.0,0.7491376938188212,0.6057816950863293,0.13676473618156296,0.007090478689504656,,,
Simple Workflow Service($),0.8564256917631696,0.0063051252628909225,5.2846679932252376e-05,0.7010989227856348,0.12252628146654851,0.3706520783553159,0.026627543519175144,0.12866350394329476,0.7969991413212757,0.41077967865549925,0.5580722166593062,0.8962375654267151,3.203112101747377e-06,,0.6653019738972032,0.45054264574127156,0.43694802683313605,0.05524182789333679,,0.8758038518144684,0.4877455041039063,,,0.0023314422254426294,0.06740545709254199,1.4796300811150475e-15,0.16489373195894522,,,0.845071765823942,0.4457619562829296,0.005603758490733413,1.0444080916237951e-08,0.9068298757462707,0.4296908039604816,0.7281430445261668,0.18222838408814102,0.04373004891079127,0.6699339112212471,0.14768517876428067,3.466777477604632e-07,0.005285082131539089,0.07293159502611735,0.7491376938188212,0.0,0.40475601573397735,0.27458953386813023,4.423045011621042e-06,,,
Direct Connect($),0.8235804799261172,0.46428115141353443,0.597515430990721,0.9836369952740243,0.6703325506767254,0.6904119323721117,0.7910994509631449,0.6723186030848104,0.8900434136623939,0.280771134903744,0.5661874137250882,0.8757791898079504,0.5407120320560614,,0.40587054231522474,0.5467683197931951,0.7526588998819255,0.684204695848198,,0.5895016680694725,0.5620246953681343,,,0.8003303013627353,0.33323205996381133,0.40229752217679027,0.4435520496819155,,,0.5257199462196127,0.4940832368976393,0.8136466821110657,0.2674723363479977,0.7107312448769147,0.7778833996232958,0.7204387169765771,0.7740709162827688,0.9815512010593133,0.5674789887473348,0.9217699492335613,0.2159630281340958,0.6868909021805848,0.6985953816231537,0.6057816950863293,0.40475601573397735,0.0,0.8427767835919157,0.871022860013589,,,
CloudTrail($),4.965617191945728e-44,0.0038356026028925957,0.00047815638318692634,5.355180243277447e-77,1.034884259527185e-05,0.010397114714207413,3.8961731958988426e-76,5.6228379452905545e-12,4.756323057603258e-30,5.052564938960599e-10,0.22546825961624903,2.8167297449761073e-07,2.0516260514512237e-34,,6.148194591247849e-20,8.503551070642495e-73,3.439216350576749e-80,5.195187009261104e-09,,3.445122738859504e-92,6.085017693276978e-95,,,0.7533769848940048,0.5834170822007814,4.5330352991940776e-11,6.661960232456297e-41,,,4.3344017056816e-14,6.237123195203965e-39,1.6510073479352576e-06,0.4306872452841244,1.19239638076524e-92,0.0016534871390090934,0.0009287532125939576,5.0201741449678514e-92,0.3298107310658294,8.983851910533544e-21,0.2087988067011937,1.2867392774441929e-05,5.07325823806221e-12,4.959958395962682e-78,0.13676473618156296,0.27458953386813023,0.8427767835919157,0.0,0.019663803276886313,,,
CodeArtifact($),2.7067771401057638e-08,2.0694175222472798e-07,0.6786186104517994,5.056671217645101e-07,0.5305481809150371,0.9821139238340365,0.088613786264768,0.17117093153260052,0.00025055452671794525,0.0021445523426559445,0.8210205194710644,0.6107505598273841,0.00019035352107690988,,3.7884884841112023e-06,0.050813423958515826,2.2250362425158802e-05,4.4592106199967625e-08,,0.01214028854495541,0.07218001908456348,,,0.4135292672830602,0.0026176134520115683,0.32633229534442837,0.008425541893869265,,,3.226776348519348e-07,0.009533952693143239,0.34483680107297054,6.262598892567047e-10,0.002015391701511154,0.008177051867231482,0.5748043060382356,9.364166747352065e-05,1.019711937831277e-28,0.06408213400538736,0.7509438490086489,0.018894583763331967,0.1921870829020966,0.22373749435412704,0.007090478689504656,4.423045011621042e-06,0.871022860013589,0.019663803276886313,0.0,,,
Elastic Container Service($),,,,,,,,,,,,,,,,,,,,,,,,,,,,,,,,,,,,,,,,,,,,,,,,,,,
Migration Hub Refactor Spaces($),,,,,,,,,,,,,,,,,,,,,,,,,,,,,,,,,,,,,,,,,,,,,,,,,,,
Location Service($),,,,,,,,,,,,,,,,,,,,,,,,,,,,,,,,,,,,,,,,,,,,,,,,,,,
